69
85
63
63
67
75
67
74
74
85
61
59
86
95
67
90
87
74
64
50
91
66
51
75
73
94
51
76
96
58
95
98
76
79
89
63
79
95
64
97
56
99
65
57
83
73
64
73
92
87
76
68
85
80
80
99
90
65
99
57
74
68
51
80
83
70
78
89
50
54
56
81
76
60
61
98
59
93
95
92
59
67
54
50
56
57
62
60
55
57
55
63
99
70
73
87
93
95
86
95
96
71
79
59
73
75
55
97
64
82
86
97
66
81
81
85
50
75
74
72
94
76
72
79
79
62
62
63
62
52
70
85
84
64
83
54
67
62
60
76
52
80
60
76
61
58
63
65
53
88
85
79
56
54
57
78
96
77
58
58
58
54
99
88
78
74
73
72
76
67
80
74
59
54
60
87
86
57
79
50
76
63
88
84
66
67
57
68
86
50
61
87
51
68
83
68
55
60
61
75
70
83
74
69
85
67
89
93
53
94
97
57
81
77
64
73
85
87
96
93
81
69
58
74
91
98
69
71
81
68
84
91
67
61
59
89
94
59
56
89
68
53
51
70
66
53
72
70
54
66
53
86
67
95
79
59
94
87
97
53
83
97
85
72
65
82
79
51
72
65
76
79
75
75
87
59
89
91
74
50
97
96
83
79
55
70
79
50
78
90
82
86
53
84
99
71
64
88
97
75
80
66
92
97
95
95
99
66
62
71
93
60
87
69
77
94
93
63
83
99
56
91
62
79
69
65
85
59
63
99
69
99
66
52
50
86
70
64
88
50
75
83
90
52
64
84
88
89
61
71
94
71
58
70
80
77
56
85
59
98
88
83
94
64
92
62
89
90
67
54
59
76
54
77
68
94
97
88
59
89
52
54
53
69
97
86
73
63
86
84
76
66
70
63
76
67
52
91
54
69
94
91
61
94
89
51
86
74
92
72
55
93
81
80
94
50
52
70
50
87
66
51
82
78
88
95
74
91
72
83
64
92
68
55
98
90
85
81
63
68
82
88
50
50
53
66
72
90
97
55
78
89
85
95
82
72
67
95
59
83
78
59
98
97
91
56
83
90
62
99
56
88
71
98
91
95
77
53
83
85
62
82
64
76
61
78
74
84
84
57
88
68
96
67
55
52
64
68
69
65
76
57
96
50
58
61
82
69
79
82
68
68
86
53
73
94
51
84
55
73
63
54
80
53
98
68
94
70
51
91
81
82
93
94
74
72
91
98
53
98
63
50
71
59
60
98
79
71
54
64
54
85
77
54
91
81
57
83
63
61
53
69
88
58
51
99
52
92
69
74
71
62
88
85
93
62
58
62
75
60
89
76
89
68
83
83
68
51
61
78
85
76
82
92
63
56
98
71
99
68
56
79
83
91
70
59
95
86
67
80
66
99
71
56
81
53
53
67
51
97
97
50
74
99
71
61
73
53
68
50
62
77
83
53
51
72
82
89
95
77
59
52
61
75
68
56
78
65
90
57
52
71
84
69
99
84
94
75
58
90
92
79
90
50
58
94
53
76
61
88
82
82
86
89
63
68
91
51
55
94
64
66
56
97
92
72
90
58
99
55
95
94
84
70
78
55
95
94
70
95
88
79
86
71
52
60
97
72
74
98
72
50
93
51
60
84
87
52
80
63
60
87
73
80
90
69
74
62
52
95
74
57
80
62
50
62
55
67
78
56
92
63
82
95
61
66
93
97
68
52
80
82
71
85
85
84
55
50
83
78
71
79
60
94
89
67
84
82
81
87
80
88
59
74
80
65
68
89
86
69
85
56
90
67
89
60
68
60
91
80
55
79
93
90
66
88
78
88
59
59
78
77
82
89
51
55
67
61
63
99
67
65
83
60
99
86
87
95
63
97
90
85
77
79
75
68
88
95
61
89
70
87
61
69
89
55
78
72
68
74
94
65
76
78
96
73
87
80
71
74
87
91
78
57
79
93
71
64
92
73
65
54
82
69
58
78
96
78
81
90
65
64
56
67
78
83
65
50
61
77
96
56
98
88
94
83
62
59
88
91
70
80
88
58
74
91
84
91
56
93
82
98
97
75
96
68
93
73
54
52
67
57
66
62
91
73
98
56
87
63
60
56
71
82
89
72
59
59
84
96
94
66
57
65
62
74
74
53
64
83
73
89
90
51
83
92
72
98
92
86
53
50
91
77
70
59
78
59
78
84
98
55
61
71
93
90
63
97
84
90
96
61
78
52
57
99
97
89
87
69
51
92
87
66
65
68
64
83
98
63
79
60
58
59
98
64
60
79
64
64
-1